| myForm |
  myForm := Form
    extent: 16 @ 16
    depth: 32
    fromArray:
      #(16777215 16777215 16777215 16777215 16777215 16777215 16777215 16777215 16777215 16777215 16777215 16777215 16777215 16777215 16777215 16777215 16777215 1382511397 4284837928 4284837928 4284837928 4284837928 4284837928 4284837928 4284837928 4284837928 4284837928 4284837928 4284837928 4284837928 1986424869 16777215 1449488679 4287666543 4292994782 4292994782 4292994782 4292994782 4292994782 4292994782 4292994782 4292994782 4292994782 4292994782 4292994782 4292994782 4288192890 1147498793 4284837928 4292994782 4287139466 4285493612 4285625199 4285822577 4285954164 4286151542 4286283129 4286480507 4286612094 4286809472 4286941059 4290691515 4292994782 4284837928 4284837928 4292994782 4284112991 4285888370 4286019958 4286283128 4286414715 4286612094 4286809473 4287006852 4287072902 4287270280 4287336074 4289243813 4292994782 4284837928 4284837928 4290955444 4292994782 4292994782 4292994782 4292994782 4292994782 4292994782 4292994782 4292994782 4292994782 4292994782 4292994782 4292994782 4290231460 4284837928 2590339368 4284837928 4288851047 4287338045 4287206716 4287075131 4286877754 4286614585 4286416951 4286022196 4285693233 4285495344 4285363760 4285035308 4284837928 2590207782 16777215 4284837928 4291812235 4290760282 4290760282 4290694233 4289904210 4289970017 4290232690 4289115217 4288325447 4287733059 4287272512 4288324968 4284837928 16777215 16777215 4284837928 4291812235 4290760282 4290760282 4290628441 4291022450 4292731857 4292731857 4292074155 4289575523 4288983124 4288391252 4288324716 4284837928 16777215 16777215 4284837928 4291943566 4290760282 4290760282 4292140202 4291088506 4290627953 4292139948 4292205742 4289509987 4289246047 4288917339 4289574266 4284837928 16777215 16777215 4284837928 4292009105 4290957409 4291220332 4292600262 4292731857 4290365032 4290101861 4290101613 4290956176 4289114972 4288719960 4289903745 4284837928 16777215 16777215 4284837928 4292337822 4291286129 4291286127 4292534726 4291285891 4290430569 4291942578 4290232689 4292468932 4288983643 4288390740 4290100612 4284837928 16777215 16777215 4284837928 4292403360 4291220334 4291154541 4291154294 4292205742 4291614119 4292600263 4292534470 4290035573 4288786006 4288259408 4289772418 4284837928 16777215 16777215 4284837928 4292206493 4291154538 4291022952 4290693989 4290365026 4290036063 4291679916 4289378136 4288983381 4288654161 4288127821 4289705854 4284837928 16777215 117440512 4284837928 4206542989 4292140187 4291943322 4291876761 4291614359 4291416725 4291284884 4291021715 4290890129 4290692752 4290363789 4204569458 4284837928 100663296 16777216 2103470115 4284837928 4284837928 4284837928 4284837928 4284837928 4284837928 4284837928 4284837928 4284837928 4284837928 4284837928 4284837928 2120049952 33554432)
    offset: 0 @ 0.
  myForm
    displayOn: Display
    at: 0 @ 0
    clippingBox: (Rectangle origin: 0 @ 0 corner: 16 @ 16)
    rule: Form paint
    fillColor: Color white.
  Display forceToScreen
